Tau = 0.099999999991
Expected tau for R=100, C_eq=2mF: 0.2 = 0.2s
dt_base = 0.0016666666665166665
dt_sim (per substep) = 0.00016666666665166664

Incidence matrix:
[[ 1. -1.  0.]
 [ 0. -1.  1.]
 [ 1.  0. -1.]
 [ 1.  0. -1.]]

Frame   sim_time     V_cap1     V_cap2      I_res      I_bat  cap1_prev  cap2_prev
--------------------------------------------------------------------------------
    0     0.0017   0.074657   0.074657   0.089253  -0.089253  -0.074657  -0.074657
    1     0.0033   0.148695   0.148695   0.088513  -0.088513  -0.148695  -0.148695
    2     0.0050   0.222119   0.222119   0.087779  -0.087779  -0.222119  -0.222119
    3     0.0067   0.294934   0.294934   0.087051  -0.087051  -0.294934  -0.294934
    4     0.0083   0.367145   0.367145   0.086329  -0.086329  -0.367145  -0.367145
    5     0.0100   0.438757   0.438757   0.085612  -0.085612  -0.438757  -0.438757
    6     0.0117   0.509775   0.509775   0.084902  -0.084902  -0.509775  -0.509775
    7     0.0133   0.580203   0.580203   0.084198  -0.084198  -0.580203  -0.580203
    8     0.0150   0.650048   0.650048   0.083500  -0.083500  -0.650048  -0.650048
    9     0.0167   0.719313   0.719313   0.082807  -0.082807  -0.719313  -0.719313
   10     0.0183   0.788003   0.788003   0.082120  -0.082120  -0.788003  -0.788003
   11     0.0200   0.856124   0.856124   0.081439  -0.081439  -0.856124  -0.856124
   12     0.0217   0.923680   0.923680   0.080763  -0.080763  -0.923680  -0.923680
   13     0.0233   0.990675   0.990675   0.080093  -0.080093  -0.990675  -0.990675
   14     0.0250   1.057114   1.057114   0.079429  -0.079429  -1.057114  -1.057114
   15     0.0267   1.123003   1.123003   0.078770  -0.078770  -1.123003  -1.123003
   16     0.0283   1.188345   1.188345   0.078117  -0.078117  -1.188345  -1.188345
   17     0.0300   1.253144   1.253144   0.077469  -0.077469  -1.253144  -1.253144
   18     0.0317   1.317407   1.317407   0.076826  -0.076826  -1.317407  -1.317407
   19     0.0333   1.381136   1.381136   0.076189  -0.076189  -1.381136  -1.381136
   20     0.0350   1.444336   1.444336   0.075557  -0.075557  -1.444336  -1.444336
   40     0.0683   2.603825   2.603825   0.063962  -0.063962  -2.603825  -2.603825
   60     0.1017   3.585379   3.585379   0.054146  -0.054146  -3.585379  -3.585379
   80     0.1350   4.416304   4.416304   0.045837  -0.045837  -4.416304  -4.416304
  100     0.1683   5.119716   5.119716   0.038803  -0.038803  -5.119716  -5.119716

--- Final state after 0.20s ---
Cap1 voltage: 5.687706 V (expected: ~9V)
Cap2 voltage: 5.687706 V (expected: ~9V)
Resistor current: 0.033123 A (expected: ~0A)
Battery current: -0.033123 A (expected: ~0A)


=== SIGN CONVENTION CHECK ===
Incidence matrix convention: -1 at node_id_1, +1 at node_id_2
  Battery: node_id_1=1, node_id_2=0, row=[ 1. -1.  0.]
  Resistor: node_id_1=1, node_id_2=2, row=[ 0. -1.  1.]
  Capacitor: node_id_1=2, node_id_2=0, row=[ 1.  0. -1.]
  Capacitor: node_id_1=2, node_id_2=0, row=[ 1.  0. -1.]

=== Checking capacitor _prev_voltage_drop sign ===
Cap1 _prev_voltage_drop: -5.687705959827337 (should be negative)
Cap2 _prev_voltage_drop: -5.687705959827337 (should be negative)
